q1_deg,q2_deg,q3_deg
0.0000,120.4557,-135.2231
0.0001,120.4557,-135.2229
0.0007,120.4551,-135.2215
0.0023,120.4537,-135.2178
0.0054,120.4510,-135.2108
0.0104,120.4467,-135.1995
0.0178,120.4403,-135.1830
0.0278,120.4316,-135.1604
0.0408,120.4202,-135.1310
0.0572,120.4060,-135.0941
0.0772,120.3886,-135.0490
0.1011,120.3678,-134.9950
0.1291,120.3434,-134.9318
0.1615,120.3153,-134.8588
0.1984,120.2832,-134.7756
0.2399,120.2470,-134.6818
0.2863,120.2066,-134.5771
0.3377,120.1619,-134.4612
0.3941,120.1129,-134.3340
0.4555,120.0594,-134.1953
0.5222,120.0014,-134.0449
0.5940,119.9389,-133.8828
0.6711,119.8718,-133.7090
0.7533,119.8003,-133.5234
0.8407,119.7242,-133.3262
0.9333,119.6437,-133.1174
1.0309,119.5588,-132.8972
1.1335,119.4695,-132.6657
1.2410,119.3759,-132.4231
1.3533,119.2782,-132.1697
1.4703,119.1764,-131.9058
1.5918,119.0707,-131.6316
1.7178,118.9611,-131.3475
1.8479,118.8479,-131.0538
1.9821,118.7311,-130.7510
2.1203,118.6109,-130.4393
2.2621,118.4876,-130.1194
2.4073,118.3611,-129.7916
2.5559,118.2319,-129.4564
2.7075,118.0999,-129.1143
2.8620,117.9656,-128.7658
3.0190,117.8289,-128.4115
3.1785,117.6902,-128.0518
3.3400,117.5497,-127.6874
3.5033,117.4075,-127.3188
3.6683,117.2640,-126.9466
3.8346,117.1193,-126.5714
4.0020,116.9736,-126.1937
4.1702,116.8273,-125.8143
4.3389,116.6805,-125.4336
4.5079,116.5334,-125.0523
4.6769,116.3864,-124.6710
4.8457,116.2396,-124.2903
5.0139,116.0932,-123.9108
5.1812,115.9476,-123.5331
5.3475,115.8029,-123.1579
5.5125,115.6594,-122.7857
5.6759,115.5172,-122.4171
5.8374,115.3767,-122.0527
5.9968,115.2380,-121.6930
6.1539,115.1013,-121.3387
6.3083,114.9669,-120.9902
6.4599,114.8350,-120.6481
6.6085,114.7057,-120.3129
6.7538,114.5793,-119.9851
6.8956,114.4560,-119.6652
7.0337,114.3358,-119.3536
7.1679,114.2190,-119.0507
7.2981,114.1057,-118.7571
7.4240,113.9962,-118.4729
7.5455,113.8904,-118.1988
7.6625,113.7887,-117.9348
7.7748,113.6909,-117.6814
7.8823,113.5974,-117.4389
7.9850,113.5081,-117.2074
8.0826,113.4232,-116.9871
8.1751,113.3427,-116.7783
8.2625,113.2666,-116.5811
8.3448,113.1950,-116.3955
8.4218,113.1280,-116.2217
8.4937,113.0655,-116.0596
8.5603,113.0075,-115.9093
8.6218,112.9540,-115.7705
8.6782,112.9050,-115.6433
8.7295,112.8603,-115.5275
8.7759,112.8199,-115.4228
8.8175,112.7837,-115.3290
8.8544,112.7516,-115.2457
8.8868,112.7235,-115.1727
8.9148,112.6991,-115.1095
8.9387,112.6783,-115.0556
8.9587,112.6609,-115.0104
8.9751,112.6466,-114.9735
8.9881,112.6353,-114.9441
8.9981,112.6266,-114.9215
9.0054,112.6202,-114.9050
9.0104,112.6159,-114.8937
9.0135,112.6132,-114.8867
9.0152,112.6118,-114.8830
9.0158,112.6112,-114.8816
9.0159,112.6111,-114.8814
9.0159,112.6111,-114.8814
9.0159,112.6111,-114.8814
9.0159,112.6111,-114.8814
9.0159,112.6111,-114.8814
9.0159,112.6111,-114.8814
9.0159,112.6111,-114.8814
9.0159,112.6111,-114.8814
9.0159,112.6111,-114.8814
9.0159,112.6111,-114.8814
9.0159,112.6111,-114.8814
9.0159,112.6111,-114.8814
9.0159,112.6111,-114.8814
9.0159,112.6111,-114.8814
9.0159,112.6111,-114.8814
9.0159,112.6111,-114.8814
9.0159,112.6111,-114.8814
9.0159,112.6111,-114.8814
9.0159,112.6111,-114.8814
9.0159,112.6111,-114.8814
9.0159,112.6111,-114.8814
9.0159,112.6111,-114.8814
9.0159,112.6111,-114.8814
9.0159,112.6111,-114.8814
9.0159,112.6111,-114.8814
9.0159,112.6111,-114.8814
9.0159,112.6111,-114.8814
9.0159,112.6111,-114.8814
9.0159,112.6111,-114.8814
9.0159,112.6111,-114.8814
9.0159,112.6111,-114.8814
9.0159,112.6111,-114.8814
9.0159,112.6111,-114.8814
9.0159,112.6111,-114.8814
9.0159,112.6111,-114.8814
9.0159,112.6111,-114.8814
9.0159,112.6111,-114.8814
9.0159,112.6111,-114.8814
9.0159,112.6111,-114.8814
9.0159,112.6111,-114.8814
9.0159,112.6111,-114.8814
9.0159,112.6111,-114.8814
9.0159,112.6111,-114.8814
9.0159,112.6111,-114.8814
9.0159,112.6111,-114.8814
9.0159,112.6111,-114.8814
9.0159,112.6111,-114.8814
9.0159,112.6111,-114.8814
9.0159,112.6111,-114.8814
9.0159,112.6111,-114.8814
9.0159,112.6111,-114.8814
9.0159,112.6111,-114.8814
9.0159,112.6111,-114.8814
9.0159,112.6111,-114.8814
9.0159,112.6111,-114.8814
9.0159,112.6111,-114.8814
9.0159,112.6111,-114.8814
9.0159,112.6111,-114.8814
9.0159,112.6111,-114.8814
9.0159,112.6111,-114.8814
9.0159,112.6111,-114.8814
9.0159,112.6111,-114.8814
9.0159,112.6111,-114.8814
9.0159,112.6111,-114.8814
9.0159,112.6111,-114.8814
9.0159,112.6111,-114.8814
9.0159,112.6111,-114.8814
9.0159,112.6111,-114.8814
9.0159,112.6111,-114.8814
9.0159,112.6111,-114.8814
9.0159,112.6111,-114.8814
9.0159,112.6111,-114.8814
9.0159,112.6111,-114.8814
9.0159,112.6111,-114.8814
9.0159,112.6111,-114.8814
9.0159,112.6111,-114.8814
9.0159,112.6111,-114.8814
9.0159,112.6111,-114.8814
9.0159,112.6111,-114.8814
9.0159,112.6111,-114.8814
9.0159,112.6111,-114.8814
9.0159,112.6111,-114.8814
9.0159,112.6111,-114.8814
9.0159,112.6111,-114.8814
9.0159,112.6111,-114.8814
9.0159,112.6111,-114.8814
9.0159,112.6111,-114.8814
9.0159,112.6111,-114.8814
9.0159,112.6111,-114.8814
9.0159,112.6111,-114.8814
9.0159,112.6111,-114.8814
9.0159,112.6111,-114.8814
9.0159,112.6111,-114.8814
9.0159,112.6111,-114.8814
9.0159,112.6111,-114.8814
9.0159,112.6111,-114.8814
9.0159,112.6111,-114.8814
9.0159,112.6111,-114.8814
9.0159,112.6111,-114.8814
9.0159,112.6111,-114.8814
9.0159,112.6111,-114.8814
9.0160,112.6107,-114.8817
9.0170,112.6078,-114.8834
9.0196,112.6001,-114.8879
9.0246,112.5853,-114.8965
9.0327,112.5615,-114.9105
9.0445,112.5267,-114.9308
9.0606,112.4791,-114.9586
9.0817,112.4172,-114.9948
9.1081,112.3394,-115.0403
9.1403,112.2443,-115.0959
9.1789,112.1307,-115.1623
9.2241,111.9975,-115.2402
9.2763,111.8436,-115.3301
9.3358,111.6683,-115.4326
9.4029,111.4706,-115.5482
9.4777,111.2500,-115.6771
9.5606,111.0060,-115.8198
9.6515,110.7379,-115.9765
9.7507,110.4457,-116.1474
9.8582,110.1288,-116.3326
9.9741,109.7873,-116.5322
10.0984,109.4211,-116.7463
10.2311,109.0301,-116.9749
10.3721,108.6146,-117.2178
10.5213,108.1747,-117.4750
10.6788,107.7107,-117.7462
10.8443,107.2229,-118.0314
11.0177,106.7119,-118.3301
11.1989,106.1780,-118.6422
11.3876,105.6219,-118.9673
11.5837,105.0442,-119.3051
11.7868,104.4456,-119.6550
11.9968,103.8269,-120.0167
12.2133,103.1889,-120.3897
12.4361,102.5323,-120.7735
12.6648,101.8583,-121.1676
12.8992,101.1676,-121.5713
13.1388,100.4614,-121.9842
13.3834,99.7406,-122.4055
13.6326,99.0064,-122.8348
13.8859,98.2598,-123.2712
14.1431,97.5021,-123.7142
14.4036,96.7343,-124.1630
14.6671,95.9577,-124.6170
14.9332,95.1735,-125.0755
15.2015,94.3830,-125.5376
15.4715,93.5873,-126.0028
15.7428,92.7878,-126.4702
16.0150,91.9857,-126.9391
16.2876,91.1823,-127.4087
16.5603,90.3790,-127.8784
16.8324,89.5769,-128.3473
17.1038,88.7774,-128.8147
17.3738,87.9817,-129.2798
17.6420,87.1911,-129.7420
17.9082,86.4069,-130.2004
18.1717,85.6303,-130.6544
18.4322,84.8625,-131.1033
18.6894,84.1048,-131.5463
18.9427,83.3582,-131.9827
19.1919,82.6240,-132.4119
19.4365,81.9032,-132.8333
19.6761,81.1970,-133.2461
19.9105,80.5064,-133.6499
20.1392,79.8323,-134.0439
20.3620,79.1758,-134.4277
20.5785,78.5377,-134.8008
20.7885,77.9190,-135.1625
20.9916,77.3204,-135.5124
21.1877,76.7427,-135.8501
21.3764,76.1866,-136.1752
21.5575,75.6528,-136.4873
21.7310,75.1417,-136.7861
21.8965,74.6539,-137.0712
22.0540,74.1899,-137.3425
22.2032,73.7500,-137.5996
22.3442,73.3345,-137.8426
22.4769,72.9435,-138.0711
22.6012,72.5773,-138.2852
22.7171,72.2358,-138.4849
22.8246,71.9190,-138.6701
22.9238,71.6267,-138.8409
23.0147,71.3587,-138.9976
23.0976,71.1146,-139.1403
23.1724,70.8940,-139.2693
23.2395,70.6964,-139.3848
23.2990,70.5210,-139.4873
23.3512,70.3672,-139.5773
23.3964,70.2339,-139.6551
23.4349,70.1204,-139.7215
23.4672,70.0253,-139.7771
23.4936,69.9474,-139.8226
23.5146,69.8855,-139.8588
23.5308,69.8379,-139.8867
23.5426,69.8031,-139.9070
23.5507,69.7793,-139.9209
23.5557,69.7645,-139.9296
23.5583,69.7568,-139.9341
23.5593,69.7539,-139.9358
23.5594,69.7535,-139.9360
23.5594,69.7532,-139.9360
23.5594,69.7511,-139.9362
23.5594,69.7457,-139.9366
23.5594,69.7353,-139.9373
23.5594,69.7185,-139.9385
23.5594,69.6940,-139.9402
23.5594,69.6605,-139.9426
23.5594,69.6169,-139.9457
23.5594,69.5620,-139.9496
23.5594,69.4950,-139.9543
23.5594,69.4150,-139.9600
23.5594,69.3212,-139.9666
23.5594,69.2128,-139.9743
23.5594,69.0892,-139.9830
23.5594,68.9500,-139.9929
23.5594,68.7946,-140.0039
23.5594,68.6226,-140.0160
23.5594,68.4338,-140.0294
23.5594,68.2279,-140.0440
23.5594,68.0047,-140.0597
23.5594,67.7641,-140.0768
23.5594,67.5061,-140.0950
23.5594,67.2307,-140.1145
23.5594,66.9379,-140.1352
23.5594,66.6280,-140.1572
23.5594,66.3011,-140.1803
23.5594,65.9575,-140.2046
23.5594,65.5975,-140.2301
23.5594,65.2214,-140.2567
23.5594,64.8296,-140.2844
23.5594,64.4226,-140.3132
23.5594,64.0009,-140.3430
23.5594,63.5650,-140.3739
23.5594,63.1155,-140.4057
23.5594,62.6530,-140.4384
23.5594,62.1781,-140.4720
23.5594,61.6915,-140.5064
23.5594,61.1940,-140.5416
23.5594,60.6862,-140.5776
23.5594,60.1690,-140.6142
23.5594,59.6430,-140.6514
23.5594,59.1092,-140.6891
23.5594,58.5683,-140.7274
23.5594,58.0212,-140.7661
23.5594,57.4687,-140.8052
23.5594,56.9117,-140.8446
23.5594,56.3512,-140.8843
23.5594,55.7879,-140.9241
23.5594,55.2229,-140.9641
23.5594,54.6569,-141.0042
23.5594,54.0909,-141.0442
23.5594,53.5259,-141.0842
23.5594,52.9626,-141.1240
23.5594,52.4020,-141.1637
23.5594,51.8451,-141.2031
23.5594,51.2926,-141.2422
23.5594,50.7455,-141.2809
23.5594,50.2046,-141.3192
23.5594,49.6708,-141.3569
23.5594,49.1448,-141.3942
23.5594,48.6276,-141.4308
23.5594,48.1198,-141.4667
23.5594,47.6222,-141.5019
23.5594,47.1357,-141.5363
23.5594,46.6608,-141.5699
23.5594,46.1983,-141.6026
23.5594,45.7488,-141.6344
23.5594,45.3129,-141.6653
23.5594,44.8912,-141.6951
23.5594,44.4842,-141.7239
23.5594,44.0924,-141.7516
23.5594,43.7163,-141.7782
23.5594,43.3563,-141.8037
23.5594,43.0127,-141.8280
23.5594,42.6858,-141.8512
23.5594,42.3758,-141.8731
23.5594,42.0831,-141.8938
23.5594,41.8077,-141.9133
23.5594,41.5497,-141.9315
23.5594,41.3091,-141.9486
23.5594,41.0859,-141.9644
23.5594,40.8800,-141.9789
23.5594,40.6911,-141.9923
23.5594,40.5192,-142.0045
23.5594,40.3638,-142.0155
23.5594,40.2245,-142.0253
23.5594,40.1010,-142.0340
23.5594,39.9926,-142.0417
23.5594,39.8988,-142.0484
23.5594,39.8187,-142.0540
23.5594,39.7517,-142.0588
23.5594,39.6969,-142.0626
23.5594,39.6533,-142.0657
23.5594,39.6198,-142.0681
23.5594,39.5953,-142.0698
23.5594,39.5785,-142.0710
23.5594,39.5681,-142.0718
23.5594,39.5626,-142.0721
23.5594,39.5606,-142.0723
23.5594,39.5603,-142.0723
23.5594,39.5606,-142.0723
23.5594,39.5626,-142.0721
23.5594,39.5681,-142.0718
23.5594,39.5785,-142.0710
23.5594,39.5953,-142.0698
23.5594,39.6198,-142.0681
23.5594,39.6533,-142.0657
23.5594,39.6969,-142.0626
23.5594,39.7517,-142.0588
23.5594,39.8187,-142.0540
23.5594,39.8988,-142.0484
23.5594,39.9926,-142.0417
23.5594,40.1010,-142.0340
23.5594,40.2245,-142.0253
23.5594,40.3638,-142.0155
23.5594,40.5192,-142.0045
23.5594,40.6911,-141.9923
23.5594,40.8800,-141.9789
23.5594,41.0859,-141.9644
23.5594,41.3091,-141.9486
23.5594,41.5497,-141.9315
23.5594,41.8077,-141.9133
23.5594,42.0831,-141.8938
23.5594,42.3758,-141.8731
23.5594,42.6858,-141.8512
23.5594,43.0127,-141.8280
23.5594,43.3563,-141.8037
23.5594,43.7163,-141.7782
23.5594,44.0924,-141.7516
23.5594,44.4842,-141.7239
23.5594,44.8912,-141.6951
23.5594,45.3129,-141.6653
23.5594,45.7488,-141.6344
23.5594,46.1983,-141.6026
23.5594,46.6608,-141.5699
23.5594,47.1357,-141.5363
23.5594,47.6222,-141.5019
23.5594,48.1198,-141.4667
23.5594,48.6276,-141.4308
23.5594,49.1448,-141.3942
23.5594,49.6708,-141.3569
23.5594,50.2046,-141.3192
23.5594,50.7455,-141.2809
23.5594,51.2926,-141.2422
23.5594,51.8451,-141.2031
23.5594,52.4020,-141.1637
23.5594,52.9626,-141.1240
23.5594,53.5259,-141.0842
23.5594,54.0909,-141.0442
23.5594,54.6569,-141.0042
23.5594,55.2229,-140.9641
23.5594,55.7879,-140.9241
23.5594,56.3512,-140.8843
23.5594,56.9117,-140.8446
23.5594,57.4687,-140.8052
23.5594,58.0212,-140.7661
23.5594,58.5683,-140.7274
23.5594,59.1092,-140.6891
23.5594,59.6430,-140.6514
23.5594,60.1690,-140.6142
23.5594,60.6862,-140.5776
23.5594,61.1940,-140.5416
23.5594,61.6915,-140.5064
23.5594,62.1781,-140.4720
23.5594,62.6530,-140.4384
23.5594,63.1155,-140.4057
23.5594,63.5650,-140.3739
23.5594,64.0009,-140.3430
23.5594,64.4226,-140.3132
23.5594,64.8296,-140.2844
23.5594,65.2214,-140.2567
23.5594,65.5975,-140.2301
23.5594,65.9575,-140.2046
23.5594,66.3011,-140.1803
23.5594,66.6280,-140.1572
23.5594,66.9379,-140.1352
23.5594,67.2307,-140.1145
23.5594,67.5061,-140.0950
23.5594,67.7641,-140.0768
23.5594,68.0047,-140.0597
23.5594,68.2279,-140.0440
23.5594,68.4338,-140.0294
23.5594,68.6226,-140.0160
23.5594,68.7946,-140.0039
23.5594,68.9500,-139.9929
23.5594,69.0892,-139.9830
23.5594,69.2128,-139.9743
23.5594,69.3212,-139.9666
23.5594,69.4150,-139.9600
23.5594,69.4950,-139.9543
23.5594,69.5620,-139.9496
23.5594,69.6169,-139.9457
23.5594,69.6605,-139.9426
23.5594,69.6940,-139.9402
23.5594,69.7185,-139.9385
23.5594,69.7353,-139.9373
23.5594,69.7457,-139.9366
23.5594,69.7511,-139.9362
23.5594,69.7532,-139.9360
23.5594,69.7535,-139.9360
23.5602,69.7535,-139.9361
23.5655,69.7537,-139.9366
23.5797,69.7541,-139.9381
23.6067,69.7548,-139.9409
23.6504,69.7561,-139.9454
23.7141,69.7579,-139.9519
23.8013,69.7604,-139.9609
23.9147,69.7636,-139.9726
24.0573,69.7676,-139.9872
24.2315,69.7726,-140.0052
24.4396,69.7785,-140.0266
24.6837,69.7854,-140.0517
24.9656,69.7934,-140.0807
25.2868,69.8025,-140.1137
25.6489,69.8128,-140.1510
26.0530,69.8243,-140.1925
26.5002,69.8370,-140.2385
26.9912,69.8509,-140.2890
27.5267,69.8661,-140.3441
28.1071,69.8826,-140.4038
28.7328,69.9004,-140.4682
29.4037,69.9194,-140.5372
30.1199,69.9398,-140.6109
30.8812,69.9614,-140.6892
31.6871,69.9843,-140.7721
32.5372,70.0084,-140.8596
33.4308,70.0338,-140.9515
34.3670,70.0604,-141.0478
35.3451,70.0882,-141.1484
36.3639,70.1171,-141.2532
37.4222,70.1471,-141.3621
38.5189,70.1783,-141.4749
39.6524,70.2105,-141.5915
40.8213,70.2437,-141.7118
42.0241,70.2778,-141.8355
43.2590,70.3129,-141.9625
44.5243,70.3488,-142.0927
45.8181,70.3855,-142.2258
47.1386,70.4230,-142.3616
48.4837,70.4612,-142.5000
49.8514,70.5001,-142.6407
51.2396,70.5395,-142.7835
52.6462,70.5794,-142.9282
54.0690,70.6198,-143.0746
55.5056,70.6606,-143.2223
56.9540,70.7017,-143.3713
58.4117,70.7431,-143.5213
59.8764,70.7847,-143.6720
61.3458,70.8265,-143.8231
62.8176,70.8682,-143.9745
64.2894,70.9100,-144.1259
65.7588,70.9518,-144.2771
67.2236,70.9934,-144.4278
68.6813,71.0347,-144.5777
70.1296,71.0759,-144.7267
71.5663,71.1167,-144.8745
72.9890,71.1571,-145.0209
74.3956,71.1970,-145.1656
75.7838,71.2364,-145.3084
77.1516,71.2753,-145.4491
78.4967,71.3135,-145.5875
79.8171,71.3510,-145.7233
81.1110,71.3877,-145.8564
82.3762,71.4236,-145.9866
83.6111,71.4587,-146.1136
84.8139,71.4928,-146.2373
85.9828,71.5260,-146.3576
87.1164,71.5582,-146.4742
88.2130,71.5894,-146.5870
89.2713,71.6194,-146.6959
90.2901,71.6483,-146.8007
91.2682,71.6761,-146.9013
92.2045,71.7027,-146.9976
93.0980,71.7281,-147.0895
93.9481,71.7522,-147.1770
94.7540,71.7751,-147.2599
95.5153,71.7967,-147.3382
96.2315,71.8170,-147.4119
96.9025,71.8361,-147.4809
97.5281,71.8539,-147.5452
98.1086,71.8703,-147.6050
98.6440,71.8856,-147.6600
99.1351,71.8995,-147.7105
99.5822,71.9122,-147.7565
99.9863,71.9237,-147.7981
100.3484,71.9339,-147.8354
100.6697,71.9431,-147.8684
100.9515,71.9511,-147.8974
101.1956,71.9580,-147.9225
101.4037,71.9639,-147.9439
101.5779,71.9689,-147.9618
101.7205,71.9729,-147.9765
101.8340,71.9761,-147.9882
101.9211,71.9786,-147.9971
101.9849,71.9804,-148.0037
102.0285,71.9817,-148.0082
102.0555,71.9824,-148.0110
102.0697,71.9828,-148.0124
102.0750,71.9830,-148.0130
102.0758,71.9830,-148.0131
102.0758,71.9826,-148.0131
102.0758,71.9802,-148.0133
102.0758,71.9739,-148.0137
102.0758,71.9616,-148.0146
102.0758,71.9419,-148.0159
102.0758,71.9131,-148.0180
102.0758,71.8738,-148.0207
102.0758,71.8226,-148.0243
102.0758,71.7582,-148.0289
102.0758,71.6795,-148.0344
102.0758,71.5855,-148.0410
102.0758,71.4753,-148.0487
102.0758,71.3481,-148.0577
102.0758,71.2030,-148.0678
102.0758,71.0395,-148.0793
102.0758,70.8570,-148.0921
102.0758,70.6551,-148.1063
102.0758,70.4334,-148.1219
102.0758,70.1916,-148.1389
102.0758,69.9295,-148.1573
102.0758,69.6469,-148.1771
102.0758,69.3440,-148.1984
102.0758,69.0206,-148.2211
102.0758,68.6768,-148.2452
102.0758,68.3129,-148.2708
102.0758,67.9290,-148.2978
102.0758,67.5255,-148.3261
102.0758,67.1027,-148.3558
102.0758,66.6611,-148.3868
102.0758,66.2010,-148.4191
102.0758,65.7231,-148.4527
102.0758,65.2279,-148.4874
102.0758,64.7161,-148.5234
102.0758,64.1882,-148.5605
102.0758,63.6451,-148.5986
102.0758,63.0875,-148.6378
102.0758,62.5161,-148.6779
102.0758,61.9319,-148.7189
102.0758,61.3356,-148.7608
102.0758,60.7282,-148.8034
102.0758,60.1106,-148.8468
102.0758,59.4838,-148.8908
102.0758,58.8486,-148.9354
102.0758,58.2062,-148.9805
102.0758,57.5574,-149.0261
102.0758,56.9034,-149.0720
102.0758,56.2452,-149.1183
102.0758,55.5838,-149.1647
102.0758,54.9202,-149.2113
102.0758,54.2556,-149.2580
102.0758,53.5910,-149.3046
102.0758,52.9275,-149.3512
102.0758,52.2661,-149.3977
102.0758,51.6078,-149.4439
102.0758,50.9538,-149.4898
102.0758,50.3051,-149.5354
102.0758,49.6626,-149.5805
102.0758,49.0275,-149.6251
102.0758,48.4006,-149.6691
102.0758,47.7830,-149.7125
102.0758,47.1756,-149.7552
102.0758,46.5793,-149.7970
102.0758,45.9951,-149.8381
102.0758,45.4237,-149.8782
102.0758,44.8661,-149.9174
102.0758,44.3230,-149.9555
102.0758,43.7952,-149.9926
102.0758,43.2833,-150.0285
102.0758,42.7881,-150.0633
102.0758,42.3102,-150.0969
102.0758,41.8502,-150.1292
102.0758,41.4085,-150.1602
102.0758,40.9857,-150.1899
102.0758,40.5822,-150.2182
102.0758,40.1984,-150.2452
102.0758,39.8344,-150.2707
102.0758,39.4907,-150.2949
102.0758,39.1673,-150.3176
102.0758,38.8643,-150.3388
102.0758,38.5818,-150.3587
102.0758,38.3197,-150.3771
102.0758,38.0779,-150.3941
102.0758,37.8561,-150.4096
102.0758,37.6542,-150.4238
102.0758,37.4718,-150.4366
102.0758,37.3082,-150.4481
102.0758,37.1632,-150.4583
102.0758,37.0359,-150.4672
102.0758,36.9257,-150.4750
102.0758,36.8317,-150.4816
102.0758,36.7531,-150.4871
102.0758,36.6887,-150.4916
102.0758,36.6374,-150.4952
102.0758,36.5981,-150.4980
102.0758,36.5693,-150.5000
102.0758,36.5496,-150.5014
102.0758,36.5374,-150.5022
102.0758,36.5310,-150.5027
102.0758,36.5286,-150.5029
102.0758,36.5282,-150.5029
102.0758,36.5286,-150.5029
102.0758,36.5310,-150.5027
102.0758,36.5374,-150.5022
102.0758,36.5496,-150.5014
102.0758,36.5693,-150.5000
102.0758,36.5981,-150.4980
102.0758,36.6374,-150.4952
102.0758,36.6887,-150.4916
102.0758,36.7531,-150.4871
102.0758,36.8317,-150.4816
102.0758,36.9257,-150.4750
102.0758,37.0359,-150.4672
102.0758,37.1632,-150.4583
102.0758,37.3082,-150.4481
102.0758,37.4718,-150.4366
102.0758,37.6542,-150.4238
102.0758,37.8561,-150.4096
102.0758,38.0779,-150.3941
102.0758,38.3197,-150.3771
102.0758,38.5818,-150.3587
102.0758,38.8643,-150.3388
102.0758,39.1673,-150.3176
102.0758,39.4907,-150.2949
102.0758,39.8344,-150.2707
102.0758,40.1984,-150.2452
102.0758,40.5822,-150.2182
102.0758,40.9857,-150.1899
102.0758,41.4085,-150.1602
102.0758,41.8502,-150.1292
102.0758,42.3102,-150.0969
102.0758,42.7881,-150.0633
102.0758,43.2833,-150.0285
102.0758,43.7952,-149.9926
102.0758,44.3230,-149.9555
102.0758,44.8661,-149.9174
102.0758,45.4237,-149.8782
102.0758,45.9951,-149.8381
102.0758,46.5793,-149.7970
102.0758,47.1756,-149.7552
102.0758,47.7830,-149.7125
102.0758,48.4006,-149.6691
102.0758,49.0275,-149.6251
102.0758,49.6626,-149.5805
102.0758,50.3051,-149.5354
102.0758,50.9538,-149.4898
102.0758,51.6078,-149.4439
102.0758,52.2661,-149.3977
102.0758,52.9275,-149.3512
102.0758,53.5910,-149.3046
102.0758,54.2556,-149.2580
102.0758,54.9202,-149.2113
102.0758,55.5838,-149.1647
102.0758,56.2452,-149.1183
102.0758,56.9034,-149.0720
102.0758,57.5574,-149.0261
102.0758,58.2062,-148.9805
102.0758,58.8486,-148.9354
102.0758,59.4838,-148.8908
102.0758,60.1106,-148.8468
102.0758,60.7282,-148.8034
102.0758,61.3356,-148.7608
102.0758,61.9319,-148.7189
102.0758,62.5161,-148.6779
102.0758,63.0875,-148.6378
102.0758,63.6451,-148.5986
102.0758,64.1882,-148.5605
102.0758,64.7161,-148.5234
102.0758,65.2279,-148.4874
102.0758,65.7231,-148.4527
102.0758,66.2010,-148.4191
102.0758,66.6611,-148.3868
102.0758,67.1027,-148.3558
102.0758,67.5255,-148.3261
102.0758,67.9290,-148.2978
102.0758,68.3129,-148.2708
102.0758,68.6768,-148.2452
102.0758,69.0206,-148.2211
102.0758,69.3440,-148.1984
102.0758,69.6469,-148.1771
102.0758,69.9295,-148.1573
102.0758,70.1916,-148.1389
102.0758,70.4334,-148.1219
102.0758,70.6551,-148.1063
102.0758,70.8570,-148.0921
102.0758,71.0395,-148.0793
102.0758,71.2030,-148.0678
102.0758,71.3481,-148.0577
102.0758,71.4753,-148.0487
102.0758,71.5855,-148.0410
102.0758,71.6795,-148.0344
102.0758,71.7582,-148.0289
102.0758,71.8226,-148.0243
102.0758,71.8738,-148.0207
102.0758,71.9131,-148.0180
102.0758,71.9419,-148.0159
102.0758,71.9616,-148.0146
102.0758,71.9739,-148.0137
102.0758,71.9802,-148.0133
102.0758,71.9826,-148.0131
102.0758,71.9830,-148.0131
102.0750,71.9830,-148.0130
102.0697,71.9828,-148.0124
102.0555,71.9824,-148.0110
102.0285,71.9817,-148.0082
101.9849,71.9804,-148.0037
101.9211,71.9786,-147.9971
101.8340,71.9761,-147.9882
101.7205,71.9729,-147.9765
101.5779,71.9689,-147.9618
101.4037,71.9639,-147.9439
101.1956,71.9580,-147.9225
100.9515,71.9511,-147.8974
100.6697,71.9431,-147.8684
100.3484,71.9339,-147.8354
99.9863,71.9237,-147.7981
99.5822,71.9122,-147.7565
99.1351,71.8995,-147.7105
98.6440,71.8856,-147.6600
98.1086,71.8703,-147.6050
97.5281,71.8539,-147.5452
96.9025,71.8361,-147.4809
96.2315,71.8170,-147.4119
95.5153,71.7967,-147.3382
94.7540,71.7751,-147.2599
93.9481,71.7522,-147.1770
93.0980,71.7281,-147.0895
92.2045,71.7027,-146.9976
91.2682,71.6761,-146.9013
90.2901,71.6483,-146.8007
89.2713,71.6194,-146.6959
88.2130,71.5894,-146.5870
87.1164,71.5582,-146.4742
85.9828,71.5260,-146.3576
84.8139,71.4928,-146.2373
83.6111,71.4587,-146.1136
82.3762,71.4236,-145.9866
81.1110,71.3877,-145.8564
79.8171,71.3510,-145.7233
78.4967,71.3135,-145.5875
77.1516,71.2753,-145.4491
75.7838,71.2364,-145.3084
74.3956,71.1970,-145.1656
72.9890,71.1571,-145.0209
71.5663,71.1167,-144.8745
70.1296,71.0759,-144.7267
68.6813,71.0347,-144.5777
67.2236,70.9934,-144.4278
65.7588,70.9518,-144.2771
64.2894,70.9100,-144.1259
62.8176,70.8682,-143.9745
61.3458,70.8265,-143.8231
59.8764,70.7847,-143.6720
58.4117,70.7431,-143.5213
56.9540,70.7017,-143.3713
55.5056,70.6606,-143.2223
54.0690,70.6198,-143.0746
52.6462,70.5794,-142.9282
51.2396,70.5395,-142.7835
49.8514,70.5001,-142.6407
48.4837,70.4612,-142.5000
47.1386,70.4230,-142.3616
45.8181,70.3855,-142.2258
44.5243,70.3488,-142.0927
43.2590,70.3129,-141.9625
42.0241,70.2778,-141.8355
40.8213,70.2437,-141.7118
39.6524,70.2105,-141.5915
38.5189,70.1783,-141.4749
37.4222,70.1471,-141.3621
36.3639,70.1171,-141.2532
35.3451,70.0882,-141.1484
34.3670,70.0604,-141.0478
33.4308,70.0338,-140.9515
32.5372,70.0084,-140.8596
31.6871,69.9843,-140.7721
30.8812,69.9614,-140.6892
30.1199,69.9398,-140.6109
29.4037,69.9194,-140.5372
28.7328,69.9004,-140.4682
28.1071,69.8826,-140.4038
27.5267,69.8661,-140.3441
26.9912,69.8509,-140.2890
26.5002,69.8370,-140.2385
26.0530,69.8243,-140.1925
25.6489,69.8128,-140.1510
25.2868,69.8025,-140.1137
24.9656,69.7934,-140.0807
24.6837,69.7854,-140.0517
24.4396,69.7785,-140.0266
24.2315,69.7726,-140.0052
24.0573,69.7676,-139.9872
23.9147,69.7636,-139.9726
23.8013,69.7604,-139.9609
23.7141,69.7579,-139.9519
23.6504,69.7561,-139.9454
23.6067,69.7548,-139.9409
23.5797,69.7541,-139.9381
23.5655,69.7537,-139.9366
23.5602,69.7535,-139.9361
23.5594,69.7535,-139.9360
23.5594,69.7532,-139.9360
23.5594,69.7511,-139.9362
23.5594,69.7457,-139.9366
23.5594,69.7353,-139.9373
23.5594,69.7185,-139.9385
23.5594,69.6940,-139.9402
23.5594,69.6605,-139.9426
23.5594,69.6169,-139.9457
23.5594,69.5620,-139.9496
23.5594,69.4950,-139.9543
23.5594,69.4150,-139.9600
23.5594,69.3212,-139.9666
23.5594,69.2128,-139.9743
23.5594,69.0892,-139.9830
23.5594,68.9500,-139.9929
23.5594,68.7946,-140.0039
23.5594,68.6226,-140.0160
23.5594,68.4338,-140.0294
23.5594,68.2279,-140.0440
23.5594,68.0047,-140.0597
23.5594,67.7641,-140.0768
23.5594,67.5061,-140.0950
23.5594,67.2307,-140.1145
23.5594,66.9379,-140.1352
23.5594,66.6280,-140.1572
23.5594,66.3011,-140.1803
23.5594,65.9575,-140.2046
23.5594,65.5975,-140.2301
23.5594,65.2214,-140.2567
23.5594,64.8296,-140.2844
23.5594,64.4226,-140.3132
23.5594,64.0009,-140.3430
23.5594,63.5650,-140.3739
23.5594,63.1155,-140.4057
23.5594,62.6530,-140.4384
23.5594,62.1781,-140.4720
23.5594,61.6915,-140.5064
23.5594,61.1940,-140.5416
23.5594,60.6862,-140.5776
23.5594,60.1690,-140.6142
23.5594,59.6430,-140.6514
23.5594,59.1092,-140.6891
23.5594,58.5683,-140.7274
23.5594,58.0212,-140.7661
23.5594,57.4687,-140.8052
23.5594,56.9117,-140.8446
23.5594,56.3512,-140.8843
23.5594,55.7879,-140.9241
23.5594,55.2229,-140.9641
23.5594,54.6569,-141.0042
23.5594,54.0909,-141.0442
23.5594,53.5259,-141.0842
23.5594,52.9626,-141.1240
23.5594,52.4020,-141.1637
23.5594,51.8451,-141.2031
23.5594,51.2926,-141.2422
23.5594,50.7455,-141.2809
23.5594,50.2046,-141.3192
23.5594,49.6708,-141.3569
23.5594,49.1448,-141.3942
23.5594,48.6276,-141.4308
23.5594,48.1198,-141.4667
23.5594,47.6222,-141.5019
23.5594,47.1357,-141.5363
23.5594,46.6608,-141.5699
23.5594,46.1983,-141.6026
23.5594,45.7488,-141.6344
23.5594,45.3129,-141.6653
23.5594,44.8912,-141.6951
23.5594,44.4842,-141.7239
23.5594,44.0924,-141.7516
23.5594,43.7163,-141.7782
23.5594,43.3563,-141.8037
23.5594,43.0127,-141.8280
23.5594,42.6858,-141.8512
23.5594,42.3758,-141.8731
23.5594,42.0831,-141.8938
23.5594,41.8077,-141.9133
23.5594,41.5497,-141.9315
23.5594,41.3091,-141.9486
23.5594,41.0859,-141.9644
23.5594,40.8800,-141.9789
23.5594,40.6911,-141.9923
23.5594,40.5192,-142.0045
23.5594,40.3638,-142.0155
23.5594,40.2245,-142.0253
23.5594,40.1010,-142.0340
23.5594,39.9926,-142.0417
23.5594,39.8988,-142.0484
23.5594,39.8187,-142.0540
23.5594,39.7517,-142.0588
23.5594,39.6969,-142.0626
23.5594,39.6533,-142.0657
23.5594,39.6198,-142.0681
23.5594,39.5953,-142.0698
23.5594,39.5785,-142.0710
23.5594,39.5681,-142.0718
23.5594,39.5626,-142.0721
23.5594,39.5606,-142.0723
23.5594,39.5603,-142.0723
23.5594,39.5606,-142.0723
23.5594,39.5626,-142.0721
23.5594,39.5681,-142.0718
23.5594,39.5785,-142.0710
23.5594,39.5953,-142.0698
23.5594,39.6198,-142.0681
23.5594,39.6533,-142.0657
23.5594,39.6969,-142.0626
23.5594,39.7517,-142.0588
23.5594,39.8187,-142.0540
23.5594,39.8988,-142.0484
23.5594,39.9926,-142.0417
23.5594,40.1010,-142.0340
23.5594,40.2245,-142.0253
23.5594,40.3638,-142.0155
23.5594,40.5192,-142.0045
23.5594,40.6911,-141.9923
23.5594,40.8800,-141.9789
23.5594,41.0859,-141.9644
23.5594,41.3091,-141.9486
23.5594,41.5497,-141.9315
23.5594,41.8077,-141.9133
23.5594,42.0831,-141.8938
23.5594,42.3758,-141.8731
23.5594,42.6858,-141.8512
23.5594,43.0127,-141.8280
23.5594,43.3563,-141.8037
23.5594,43.7163,-141.7782
23.5594,44.0924,-141.7516
23.5594,44.4842,-141.7239
23.5594,44.8912,-141.6951
23.5594,45.3129,-141.6653
23.5594,45.7488,-141.6344
23.5594,46.1983,-141.6026
23.5594,46.6608,-141.5699
23.5594,47.1357,-141.5363
23.5594,47.6222,-141.5019
23.5594,48.1198,-141.4667
23.5594,48.6276,-141.4308
23.5594,49.1448,-141.3942
23.5594,49.6708,-141.3569
23.5594,50.2046,-141.3192
23.5594,50.7455,-141.2809
23.5594,51.2926,-141.2422
23.5594,51.8451,-141.2031
23.5594,52.4020,-141.1637
23.5594,52.9626,-141.1240
23.5594,53.5259,-141.0842
23.5594,54.0909,-141.0442
23.5594,54.6569,-141.0042
23.5594,55.2229,-140.9641
23.5594,55.7879,-140.9241
23.5594,56.3512,-140.8843
23.5594,56.9117,-140.8446
23.5594,57.4687,-140.8052
23.5594,58.0212,-140.7661
23.5594,58.5683,-140.7274
23.5594,59.1092,-140.6891
23.5594,59.6430,-140.6514
23.5594,60.1690,-140.6142
23.5594,60.6862,-140.5776
23.5594,61.1940,-140.5416
23.5594,61.6915,-140.5064
23.5594,62.1781,-140.4720
23.5594,62.6530,-140.4384
23.5594,63.1155,-140.4057
23.5594,63.5650,-140.3739
23.5594,64.0009,-140.3430
23.5594,64.4226,-140.3132
23.5594,64.8296,-140.2844
23.5594,65.2214,-140.2567
23.5594,65.5975,-140.2301
23.5594,65.9575,-140.2046
23.5594,66.3011,-140.1803
23.5594,66.6280,-140.1572
23.5594,66.9379,-140.1352
23.5594,67.2307,-140.1145
23.5594,67.5061,-140.0950
23.5594,67.7641,-140.0768
23.5594,68.0047,-140.0597
23.5594,68.2279,-140.0440
23.5594,68.4338,-140.0294
23.5594,68.6226,-140.0160
23.5594,68.7946,-140.0039
23.5594,68.9500,-139.9929
23.5594,69.0892,-139.9830
23.5594,69.2128,-139.9743
23.5594,69.3212,-139.9666
23.5594,69.4150,-139.9600
23.5594,69.4950,-139.9543
23.5594,69.5620,-139.9496
23.5594,69.6169,-139.9457
23.5594,69.6605,-139.9426
23.5594,69.6940,-139.9402
23.5594,69.7185,-139.9385
23.5594,69.7353,-139.9373
23.5594,69.7457,-139.9366
23.5594,69.7511,-139.9362
23.5594,69.7532,-139.9360
23.5594,69.7535,-139.9360
23.5600,69.7535,-139.9361
23.5639,69.7537,-139.9367
23.5743,69.7541,-139.9383
23.5942,69.7549,-139.9413
23.6262,69.7562,-139.9462
23.6731,69.7582,-139.9533
23.7371,69.7608,-139.9630
23.8204,69.7642,-139.9756
23.9252,69.7685,-139.9915
24.0531,69.7738,-140.0109
24.2060,69.7800,-140.0342
24.3853,69.7874,-140.0614
24.5923,69.7959,-140.0928
24.8283,69.8056,-140.1286
25.0943,69.8165,-140.1690
25.3911,69.8287,-140.2140
25.7196,69.8422,-140.2639
26.0803,69.8570,-140.3186
26.4736,69.8731,-140.3783
26.9000,69.8906,-140.4430
27.3596,69.9095,-140.5128
27.8525,69.9297,-140.5876
28.3786,69.9513,-140.6675
28.9378,69.9742,-140.7523
29.5298,69.9985,-140.8422
30.1542,70.0242,-140.9370
30.8106,70.0511,-141.0366
31.4984,70.0793,-141.1410
32.2168,70.1088,-141.2500
32.9652,70.1395,-141.3636
33.7426,70.1714,-141.4816
34.5482,70.2045,-141.6039
35.3808,70.2387,-141.7302
36.2395,70.2739,-141.8606
37.1230,70.3102,-141.9947
38.0301,70.3474,-142.1323
38.9595,70.3856,-142.2734
39.9099,70.4246,-142.4177
40.8799,70.4644,-142.5649
41.8680,70.5049,-142.7148
42.8727,70.5462,-142.8673
43.8924,70.5880,-143.0221
44.9257,70.6304,-143.1789
45.9708,70.6733,-143.3376
47.0261,70.7166,-143.4977
48.0900,70.7603,-143.6592
49.1608,70.8042,-143.8217
50.2367,70.8484,-143.9850
51.3161,70.8927,-144.1489
52.3973,70.9371,-144.3129
53.4784,70.9814,-144.4770
54.5578,71.0257,-144.6409
55.6337,71.0699,-144.8042
56.7045,71.1139,-144.9667
57.7684,71.1575,-145.1282
58.8238,71.2008,-145.2883
59.8689,71.2437,-145.4470
60.9021,71.2861,-145.6038
61.9218,71.3280,-145.7586
62.9265,71.3692,-145.9111
63.9146,71.4098,-146.0610
64.8846,71.4496,-146.2082
65.8350,71.4886,-146.3525
66.7644,71.5267,-146.4936
67.6715,71.5640,-146.6312
68.5550,71.6002,-146.7653
69.4137,71.6355,-146.8957
70.2464,71.6697,-147.0220
71.0519,71.7027,-147.1443
71.8293,71.7346,-147.2623
72.5777,71.7653,-147.3759
73.2962,71.7948,-147.4849
73.9839,71.8230,-147.5893
74.6403,71.8500,-147.6889
75.2648,71.8756,-147.7837
75.8568,71.8999,-147.8736
76.4160,71.9229,-147.9584
76.9421,71.9445,-148.0383
77.4349,71.9647,-148.1131
77.8945,71.9836,-148.1829
78.3209,72.0011,-148.2476
78.7142,72.0172,-148.3073
79.0749,72.0320,-148.3620
79.4034,72.0455,-148.4119
79.7002,72.0577,-148.4569
79.9662,72.0686,-148.4973
80.2022,72.0783,-148.5331
80.4092,72.0868,-148.5645
80.5885,72.0941,-148.5917
80.7414,72.1004,-148.6149
80.8693,72.1056,-148.6344
80.9741,72.1099,-148.6503
81.0574,72.1134,-148.6629
81.1214,72.1160,-148.6726
81.1683,72.1179,-148.6797
81.2004,72.1192,-148.6846
81.2202,72.1200,-148.6876
81.2306,72.1205,-148.6892
81.2345,72.1206,-148.6898
81.2351,72.1207,-148.6899
81.2351,72.1203,-148.6899
81.2351,72.1179,-148.6901
81.2351,72.1114,-148.6905
81.2351,72.0990,-148.6914
81.2351,72.0790,-148.6928
81.2351,72.0497,-148.6949
81.2351,72.0098,-148.6977
81.2351,71.9578,-148.7013
81.2351,71.8924,-148.7059
81.2351,71.8126,-148.7115
81.2351,71.7172,-148.7182
81.2351,71.6053,-148.7261
81.2351,71.4761,-148.7352
81.2351,71.3289,-148.7455
81.2351,71.1629,-148.7572
81.2351,70.9777,-148.7702
81.2351,70.7727,-148.7846
81.2351,70.5476,-148.8004
81.2351,70.3022,-148.8176
81.2351,70.0361,-148.8363
81.2351,69.7494,-148.8564
81.2351,69.4418,-148.8781
81.2351,69.1135,-148.9011
81.2351,68.7646,-148.9256
81.2351,68.3952,-148.9516
81.2351,68.0055,-148.9789
81.2351,67.5959,-149.0077
81.2351,67.1668,-149.0379
81.2351,66.7185,-149.0693
81.2351,66.2515,-149.1022
81.2351,65.7664,-149.1362
81.2351,65.2637,-149.1715
81.2351,64.7441,-149.2080
81.2351,64.2083,-149.2457
81.2351,63.6570,-149.2844
81.2351,63.0910,-149.3242
81.2351,62.5110,-149.3649
81.2351,61.9179,-149.4066
81.2351,61.3127,-149.4491
81.2351,60.6961,-149.4924
81.2351,60.0692,-149.5364
81.2351,59.4329,-149.5811
81.2351,58.7881,-149.6264
81.2351,58.1360,-149.6722
81.2351,57.4774,-149.7185
81.2351,56.8136,-149.7651
81.2351,56.1454,-149.8120
81.2351,55.4740,-149.8592
81.2351,54.8005,-149.9065
81.2351,54.1258,-149.9539
81.2351,53.4512,-150.0013
81.2351,52.7777,-150.0486
81.2351,52.1063,-150.0958
81.2351,51.4381,-150.1427
81.2351,50.7742,-150.1893
81.2351,50.1157,-150.2356
81.2351,49.4636,-150.2814
81.2351,48.8188,-150.3267
81.2351,48.1825,-150.3714
81.2351,47.5556,-150.4154
81.2351,46.9390,-150.4587
81.2351,46.3338,-150.5012
81.2351,45.7407,-150.5429
81.2351,45.1607,-150.5836
81.2351,44.5947,-150.6234
81.2351,44.0434,-150.6621
81.2351,43.5076,-150.6998
81.2351,42.9880,-150.7363
81.2351,42.4853,-150.7716
81.2351,42.0002,-150.8056
81.2351,41.5332,-150.8384
81.2351,41.0849,-150.8699
81.2351,40.6558,-150.9001
81.2351,40.2462,-150.9288
81.2351,39.8565,-150.9562
81.2351,39.4871,-150.9822
81.2351,39.1382,-151.0067
81.2351,38.8099,-151.0297
81.2351,38.5023,-151.0513
81.2351,38.2155,-151.0715
81.2351,37.9495,-151.0902
81.2351,37.7040,-151.1074
81.2351,37.4790,-151.1232
81.2351,37.2740,-151.1376
81.2351,37.0888,-151.1506
81.2351,36.9228,-151.1623
81.2351,36.7756,-151.1726
81.2351,36.6464,-151.1817
81.2351,36.5345,-151.1896
81.2351,36.4391,-151.1963
81.2351,36.3592,-151.2019
81.2351,36.2939,-151.2065
81.2351,36.2419,-151.2101
81.2351,36.2019,-151.2129
81.2351,36.1727,-151.2150
81.2351,36.1527,-151.2164
81.2351,36.1403,-151.2173
81.2351,36.1338,-151.2177
81.2351,36.1314,-151.2179
81.2351,36.1310,-151.2179
81.2351,36.1314,-151.2179
81.2351,36.1338,-151.2177
81.2351,36.1403,-151.2173
81.2351,36.1527,-151.2164
81.2351,36.1727,-151.2150
81.2351,36.2019,-151.2129
81.2351,36.2419,-151.2101
81.2351,36.2939,-151.2065
81.2351,36.3592,-151.2019
81.2351,36.4391,-151.1963
81.2351,36.5345,-151.1896
81.2351,36.6464,-151.1817
81.2351,36.7756,-151.1726
81.2351,36.9228,-151.1623
81.2351,37.0888,-151.1506
81.2351,37.2740,-151.1376
81.2351,37.4790,-151.1232
81.2351,37.7040,-151.1074
81.2351,37.9495,-151.0902
81.2351,38.2155,-151.0715
81.2351,38.5023,-151.0513
81.2351,38.8099,-151.0297
81.2351,39.1382,-151.0067
81.2351,39.4871,-150.9822
81.2351,39.8565,-150.9562
81.2351,40.2462,-150.9288
81.2351,40.6558,-150.9001
81.2351,41.0849,-150.8699
81.2351,41.5332,-150.8384
81.2351,42.0002,-150.8056
81.2351,42.4853,-150.7716
81.2351,42.9880,-150.7363
81.2351,43.5076,-150.6998
81.2351,44.0434,-150.6621
81.2351,44.5947,-150.6234
81.2351,45.1607,-150.5836
81.2351,45.7407,-150.5429
81.2351,46.3338,-150.5012
81.2351,46.9390,-150.4587
81.2351,47.5556,-150.4154
81.2351,48.1825,-150.3714
81.2351,48.8188,-150.3267
81.2351,49.4636,-150.2814
81.2351,50.1157,-150.2356
81.2351,50.7742,-150.1893
81.2351,51.4381,-150.1427
81.2351,52.1063,-150.0958
81.2351,52.7777,-150.0486
81.2351,53.4512,-150.0013
81.2351,54.1258,-149.9539
81.2351,54.8005,-149.9065
81.2351,55.4740,-149.8592
81.2351,56.1454,-149.8120
81.2351,56.8136,-149.7651
81.2351,57.4774,-149.7185
81.2351,58.1360,-149.6722
81.2351,58.7881,-149.6264
81.2351,59.4329,-149.5811
81.2351,60.0692,-149.5364
81.2351,60.6961,-149.4924
81.2351,61.3127,-149.4491
81.2351,61.9179,-149.4066
81.2351,62.5110,-149.3649
81.2351,63.0910,-149.3242
81.2351,63.6570,-149.2844
81.2351,64.2083,-149.2457
81.2351,64.7441,-149.2080
81.2351,65.2637,-149.1715
81.2351,65.7664,-149.1362
81.2351,66.2515,-149.1022
81.2351,66.7185,-149.0693
81.2351,67.1668,-149.0379
81.2351,67.5959,-149.0077
81.2351,68.0055,-148.9789
81.2351,68.3952,-148.9516
81.2351,68.7646,-148.9256
81.2351,69.1135,-148.9011
81.2351,69.4418,-148.8781
81.2351,69.7494,-148.8564
81.2351,70.0361,-148.8363
81.2351,70.3022,-148.8176
81.2351,70.5476,-148.8004
81.2351,70.7727,-148.7846
81.2351,70.9777,-148.7702
81.2351,71.1629,-148.7572
81.2351,71.3289,-148.7455
81.2351,71.4761,-148.7352
81.2351,71.6053,-148.7261
81.2351,71.7172,-148.7182
81.2351,71.8126,-148.7115
81.2351,71.8924,-148.7059
81.2351,71.9578,-148.7013
81.2351,72.0098,-148.6977
81.2351,72.0497,-148.6949
81.2351,72.0790,-148.6928
81.2351,72.0990,-148.6914
81.2351,72.1114,-148.6905
81.2351,72.1179,-148.6901
81.2351,72.1203,-148.6899
81.2351,72.1207,-148.6899
81.2345,72.1206,-148.6898
81.2306,72.1205,-148.6892
81.2202,72.1200,-148.6876
81.2004,72.1192,-148.6846
81.1683,72.1179,-148.6797
81.1214,72.1160,-148.6726
81.0574,72.1134,-148.6629
80.9741,72.1099,-148.6503
80.8693,72.1056,-148.6344
80.7414,72.1004,-148.6149
80.5885,72.0941,-148.5917
80.4092,72.0868,-148.5645
80.2022,72.0783,-148.5331
79.9662,72.0686,-148.4973
79.7002,72.0577,-148.4569
79.4034,72.0455,-148.4119
79.0749,72.0320,-148.3620
78.7142,72.0172,-148.3073
78.3209,72.0011,-148.2476
77.8945,71.9836,-148.1829
77.4349,71.9647,-148.1131
76.9421,71.9445,-148.0383
76.4160,71.9229,-147.9584
75.8568,71.8999,-147.8736
75.2648,71.8756,-147.7837
74.6403,71.8500,-147.6889
73.9839,71.8230,-147.5893
73.2962,71.7948,-147.4849
72.5777,71.7653,-147.3759
71.8293,71.7346,-147.2623
71.0519,71.7027,-147.1443
70.2464,71.6697,-147.0220
69.4137,71.6355,-146.8957
68.5550,71.6002,-146.7653
67.6715,71.5640,-146.6312
66.7644,71.5267,-146.4936
65.8350,71.4886,-146.3525
64.8846,71.4496,-146.2082
63.9146,71.4098,-146.0610
62.9265,71.3692,-145.9111
61.9218,71.3280,-145.7586
60.9021,71.2861,-145.6038
59.8689,71.2437,-145.4470
58.8238,71.2008,-145.2883
57.7684,71.1575,-145.1282
56.7045,71.1139,-144.9667
55.6337,71.0699,-144.8042
54.5578,71.0257,-144.6409
53.4784,70.9814,-144.4770
52.3973,70.9371,-144.3129
51.3161,70.8927,-144.1489
50.2367,70.8484,-143.9850
49.1608,70.8042,-143.8217
48.0900,70.7603,-143.6592
47.0261,70.7166,-143.4977
45.9708,70.6733,-143.3376
44.9257,70.6304,-143.1789
43.8924,70.5880,-143.0221
42.8727,70.5462,-142.8673
41.8680,70.5049,-142.7148
40.8799,70.4644,-142.5649
39.9099,70.4246,-142.4177
38.9595,70.3856,-142.2734
38.0301,70.3474,-142.1323
37.1230,70.3102,-141.9947
36.2395,70.2739,-141.8606
35.3808,70.2387,-141.7302
34.5482,70.2045,-141.6039
33.7426,70.1714,-141.4816
32.9652,70.1395,-141.3636
32.2168,70.1088,-141.2500
31.4984,70.0793,-141.1410
30.8106,70.0511,-141.0366
30.1542,70.0242,-140.9370
29.5298,69.9985,-140.8422
28.9378,69.9742,-140.7523
28.3786,69.9513,-140.6675
27.8525,69.9297,-140.5876
27.3596,69.9095,-140.5128
26.9000,69.8906,-140.4430
26.4736,69.8731,-140.3783
26.0803,69.8570,-140.3186
25.7196,69.8422,-140.2639
25.3911,69.8287,-140.2140
25.0943,69.8165,-140.1690
24.8283,69.8056,-140.1286
24.5923,69.7959,-140.0928
24.3853,69.7874,-140.0614
24.2060,69.7800,-140.0342
24.0531,69.7738,-140.0109
23.9252,69.7685,-139.9915
23.8204,69.7642,-139.9756
23.7371,69.7608,-139.9630
23.6731,69.7582,-139.9533
23.6262,69.7562,-139.9462
23.5942,69.7549,-139.9413
23.5743,69.7541,-139.9383
23.5639,69.7537,-139.9367
23.5600,69.7535,-139.9361
23.5594,69.7535,-139.9360
23.5594,69.7532,-139.9360
23.5594,69.7511,-139.9362
23.5594,69.7457,-139.9366
23.5594,69.7353,-139.9373
23.5594,69.7185,-139.9385
23.5594,69.6940,-139.9402
23.5594,69.6605,-139.9426
23.5594,69.6169,-139.9457
23.5594,69.5620,-139.9496
23.5594,69.4950,-139.9543
23.5594,69.4150,-139.9600
23.5594,69.3212,-139.9666
23.5594,69.2128,-139.9743
23.5594,69.0892,-139.9830
23.5594,68.9500,-139.9929
23.5594,68.7946,-140.0039
23.5594,68.6226,-140.0160
23.5594,68.4338,-140.0294
23.5594,68.2279,-140.0440
23.5594,68.0047,-140.0597
23.5594,67.7641,-140.0768
23.5594,67.5061,-140.0950
23.5594,67.2307,-140.1145
23.5594,66.9379,-140.1352
23.5594,66.6280,-140.1572
23.5594,66.3011,-140.1803
23.5594,65.9575,-140.2046
23.5594,65.5975,-140.2301
23.5594,65.2214,-140.2567
23.5594,64.8296,-140.2844
23.5594,64.4226,-140.3132
23.5594,64.0009,-140.3430
23.5594,63.5650,-140.3739
23.5594,63.1155,-140.4057
23.5594,62.6530,-140.4384
23.5594,62.1781,-140.4720
23.5594,61.6915,-140.5064
23.5594,61.1940,-140.5416
23.5594,60.6862,-140.5776
23.5594,60.1690,-140.6142
23.5594,59.6430,-140.6514
23.5594,59.1092,-140.6891
23.5594,58.5683,-140.7274
23.5594,58.0212,-140.7661
23.5594,57.4687,-140.8052
23.5594,56.9117,-140.8446
23.5594,56.3512,-140.8843
23.5594,55.7879,-140.9241
23.5594,55.2229,-140.9641
23.5594,54.6569,-141.0042
23.5594,54.0909,-141.0442
23.5594,53.5259,-141.0842
23.5594,52.9626,-141.1240
23.5594,52.4020,-141.1637
23.5594,51.8451,-141.2031
23.5594,51.2926,-141.2422
23.5594,50.7455,-141.2809
23.5594,50.2046,-141.3192
23.5594,49.6708,-141.3569
23.5594,49.1448,-141.3942
23.5594,48.6276,-141.4308
23.5594,48.1198,-141.4667
23.5594,47.6222,-141.5019
23.5594,47.1357,-141.5363
23.5594,46.6608,-141.5699
23.5594,46.1983,-141.6026
23.5594,45.7488,-141.6344
23.5594,45.3129,-141.6653
23.5594,44.8912,-141.6951
23.5594,44.4842,-141.7239
23.5594,44.0924,-141.7516
23.5594,43.7163,-141.7782
23.5594,43.3563,-141.8037
23.5594,43.0127,-141.8280
23.5594,42.6858,-141.8512
23.5594,42.3758,-141.8731
23.5594,42.0831,-141.8938
23.5594,41.8077,-141.9133
23.5594,41.5497,-141.9315
23.5594,41.3091,-141.9486
23.5594,41.0859,-141.9644
23.5594,40.8800,-141.9789
23.5594,40.6911,-141.9923
23.5594,40.5192,-142.0045
23.5594,40.3638,-142.0155
23.5594,40.2245,-142.0253
23.5594,40.1010,-142.0340
23.5594,39.9926,-142.0417
23.5594,39.8988,-142.0484
23.5594,39.8187,-142.0540
23.5594,39.7517,-142.0588
23.5594,39.6969,-142.0626
23.5594,39.6533,-142.0657
23.5594,39.6198,-142.0681
23.5594,39.5953,-142.0698
23.5594,39.5785,-142.0710
23.5594,39.5681,-142.0718
23.5594,39.5626,-142.0721
23.5594,39.5606,-142.0723
23.5594,39.5603,-142.0723
23.5594,39.5606,-142.0723
23.5594,39.5626,-142.0721
23.5594,39.5681,-142.0718
23.5594,39.5785,-142.0710
23.5594,39.5953,-142.0698
23.5594,39.6198,-142.0681
23.5594,39.6533,-142.0657
23.5594,39.6969,-142.0626
23.5594,39.7517,-142.0588
23.5594,39.8187,-142.0540
23.5594,39.8988,-142.0484
23.5594,39.9926,-142.0417
23.5594,40.1010,-142.0340
23.5594,40.2245,-142.0253
23.5594,40.3638,-142.0155
23.5594,40.5192,-142.0045
23.5594,40.6911,-141.9923
23.5594,40.8800,-141.9789
23.5594,41.0859,-141.9644
23.5594,41.3091,-141.9486
23.5594,41.5497,-141.9315
23.5594,41.8077,-141.9133
23.5594,42.0831,-141.8938
23.5594,42.3758,-141.8731
23.5594,42.6858,-141.8512
23.5594,43.0127,-141.8280
23.5594,43.3563,-141.8037
23.5594,43.7163,-141.7782
23.5594,44.0924,-141.7516
23.5594,44.4842,-141.7239
23.5594,44.8912,-141.6951
23.5594,45.3129,-141.6653
23.5594,45.7488,-141.6344
23.5594,46.1983,-141.6026
23.5594,46.6608,-141.5699
23.5594,47.1357,-141.5363
23.5594,47.6222,-141.5019
23.5594,48.1198,-141.4667
23.5594,48.6276,-141.4308
23.5594,49.1448,-141.3942
23.5594,49.6708,-141.3569
23.5594,50.2046,-141.3192
23.5594,50.7455,-141.2809
23.5594,51.2926,-141.2422
23.5594,51.8451,-141.2031
23.5594,52.4020,-141.1637
23.5594,52.9626,-141.1240
23.5594,53.5259,-141.0842
23.5594,54.0909,-141.0442
23.5594,54.6569,-141.0042
23.5594,55.2229,-140.9641
23.5594,55.7879,-140.9241
23.5594,56.3512,-140.8843
23.5594,56.9117,-140.8446
23.5594,57.4687,-140.8052
23.5594,58.0212,-140.7661
23.5594,58.5683,-140.7274
23.5594,59.1092,-140.6891
23.5594,59.6430,-140.6514
23.5594,60.1690,-140.6142
23.5594,60.6862,-140.5776
23.5594,61.1940,-140.5416
23.5594,61.6915,-140.5064
23.5594,62.1781,-140.4720
23.5594,62.6530,-140.4384
23.5594,63.1155,-140.4057
23.5594,63.5650,-140.3739
23.5594,64.0009,-140.3430
23.5594,64.4226,-140.3132
23.5594,64.8296,-140.2844
23.5594,65.2214,-140.2567
23.5594,65.5975,-140.2301
23.5594,65.9575,-140.2046
23.5594,66.3011,-140.1803
23.5594,66.6280,-140.1572
23.5594,66.9379,-140.1352
23.5594,67.2307,-140.1145
23.5594,67.5061,-140.0950
23.5594,67.7641,-140.0768
23.5594,68.0047,-140.0597
23.5594,68.2279,-140.0440
23.5594,68.4338,-140.0294
23.5594,68.6226,-140.0160
23.5594,68.7946,-140.0039
23.5594,68.9500,-139.9929
23.5594,69.0892,-139.9830
23.5594,69.2128,-139.9743
23.5594,69.3212,-139.9666
23.5594,69.4150,-139.9600
23.5594,69.4950,-139.9543
23.5594,69.5620,-139.9496
23.5594,69.6169,-139.9457
23.5594,69.6605,-139.9426
23.5594,69.6940,-139.9402
23.5594,69.7185,-139.9385
23.5594,69.7353,-139.9373
23.5594,69.7457,-139.9366
23.5594,69.7511,-139.9362
23.5594,69.7532,-139.9360
23.5594,69.7535,-139.9360
23.5598,69.7535,-139.9360
23.5625,69.7535,-139.9361
23.5695,69.7536,-139.9364
23.5828,69.7538,-139.9369
23.6044,69.7540,-139.9377
23.6360,69.7544,-139.9389
23.6791,69.7549,-139.9405
23.7353,69.7556,-139.9426
23.8059,69.7564,-139.9452
23.8921,69.7575,-139.9485
23.9951,69.7587,-139.9523
24.1159,69.7602,-139.9568
24.2554,69.7618,-139.9621
24.4144,69.7637,-139.9680
24.5936,69.7659,-139.9747
24.7937,69.7683,-139.9822
25.0150,69.7709,-139.9905
25.2580,69.7738,-139.9996
25.5231,69.7770,-140.0095
25.8104,69.7805,-140.0203
26.1200,69.7842,-140.0319
26.4521,69.7881,-140.0443
26.8066,69.7924,-140.0576
27.1834,69.7969,-140.0717
27.5823,69.8017,-140.0866
28.0031,69.8067,-140.1024
28.4453,69.8120,-140.1189
28.9088,69.8176,-140.1363
29.3929,69.8234,-140.1544
29.8971,69.8294,-140.1733
30.4210,69.8357,-140.1929
30.9637,69.8422,-140.2132
31.5248,69.8489,-140.2342
32.1034,69.8558,-140.2559
32.6987,69.8630,-140.2781
33.3099,69.8703,-140.3010
33.9362,69.8778,-140.3245
34.5766,69.8854,-140.3484
35.2301,69.8933,-140.3729
35.8959,69.9012,-140.3978
36.5729,69.9094,-140.4232
37.2600,69.9176,-140.4489
37.9562,69.9259,-140.4750
38.6604,69.9344,-140.5013
39.3715,69.9429,-140.5279
40.0884,69.9515,-140.5548
40.8099,69.9601,-140.5818
41.5349,69.9688,-140.6089
42.2622,69.9775,-140.6361
42.9906,69.9862,-140.6634
43.7191,69.9949,-140.6907
44.4464,70.0037,-140.7179
45.1714,70.0123,-140.7450
45.8929,70.0210,-140.7721
46.6098,70.0296,-140.7989
47.3209,70.0381,-140.8255
48.0251,70.0465,-140.8519
48.7213,70.0549,-140.8779
49.4084,70.0631,-140.9037
50.0854,70.0712,-140.9290
50.7511,70.0792,-140.9539
51.4047,70.0870,-140.9784
52.0451,70.0947,-141.0024
52.6714,70.1022,-141.0258
53.2826,70.1095,-141.0487
53.8779,70.1166,-141.0710
54.4565,70.1236,-141.0926
55.0175,70.1303,-141.1136
55.5603,70.1368,-141.1339
56.0842,70.1430,-141.1536
56.5884,70.1491,-141.1724
57.0725,70.1549,-141.1906
57.5359,70.1604,-141.2079
57.9782,70.1657,-141.2245
58.3990,70.1708,-141.2402
58.7979,70.1756,-141.2551
59.1747,70.1801,-141.2693
59.5292,70.1843,-141.2825
59.8613,70.1883,-141.2950
60.1709,70.1920,-141.3065
60.4582,70.1954,-141.3173
60.7233,70.1986,-141.3272
60.9663,70.2015,-141.3363
61.1876,70.2042,-141.3446
61.3876,70.2066,-141.3521
61.5669,70.2087,-141.3588
61.7259,70.2106,-141.3648
61.8654,70.2123,-141.3700
61.9862,70.2137,-141.3745
62.0892,70.2150,-141.3784
62.1754,70.2160,-141.3816
62.2460,70.2169,-141.3842
62.3022,70.2175,-141.3863
62.3453,70.2180,-141.3879
62.3768,70.2184,-141.3891
62.3984,70.2187,-141.3899
62.4118,70.2188,-141.3904
62.4188,70.2189,-141.3907
62.4215,70.2190,-141.3908
62.4218,70.2190,-141.3908
62.4218,70.2187,-141.3908
62.4218,70.2166,-141.3910
62.4218,70.2110,-141.3914
62.4218,70.2003,-141.3921
62.4218,70.1830,-141.3933
62.4218,70.1579,-141.3951
62.4218,70.1234,-141.3975
62.4218,70.0786,-141.4007
62.4218,70.0223,-141.4047
62.4218,69.9535,-141.4095
62.4218,69.8713,-141.4153
62.4218,69.7749,-141.4221
62.4218,69.6636,-141.4300
62.4218,69.5367,-141.4390
62.4218,69.3937,-141.4491
62.4218,69.2341,-141.4603
62.4218,69.0575,-141.4728
62.4218,68.8635,-141.4865
62.4218,68.6520,-141.5014
62.4218,68.4228,-141.5176
62.4218,68.1757,-141.5350
62.4218,67.9106,-141.5537
62.4218,67.6278,-141.5737
62.4218,67.3271,-141.5949
62.4218,67.0088,-141.6174
62.4218,66.6730,-141.6411
62.4218,66.3201,-141.6660
62.4218,65.9503,-141.6921
62.4218,65.5640,-141.7193
62.4218,65.1616,-141.7477
62.4218,64.7436,-141.7772
62.4218,64.3104,-141.8078
62.4218,63.8627,-141.8394
62.4218,63.4010,-141.8720
62.4218,62.9260,-141.9055
62.4218,62.4382,-141.9399
62.4218,61.9385,-141.9752
62.4218,61.4274,-142.0113
62.4218,60.9059,-142.0481
62.4218,60.3746,-142.0856
62.4218,59.8344,-142.1237
62.4218,59.2861,-142.1624
62.4218,58.7305,-142.2016
62.4218,58.1686,-142.2413
62.4218,57.6012,-142.2813
62.4218,57.0291,-142.3217
62.4218,56.4534,-142.3623
62.4218,55.8748,-142.4031
62.4218,55.2945,-142.4441
62.4218,54.7131,-142.4851
62.4218,54.1318,-142.5262
62.4218,53.5514,-142.5671
62.4218,52.9729,-142.6079
62.4218,52.3972,-142.6486
62.4218,51.8251,-142.6890
62.4218,51.2577,-142.7290
62.4218,50.6957,-142.7687
62.4218,50.1402,-142.8079
62.4218,49.5919,-142.8466
62.4218,49.0517,-142.8847
62.4218,48.5204,-142.9222
62.4218,47.9988,-142.9590
62.4218,47.4878,-142.9951
62.4218,46.9881,-143.0303
62.4218,46.5003,-143.0648
62.4218,46.0253,-143.0983
62.4218,45.5636,-143.1309
62.4218,45.1159,-143.1625
62.4218,44.6827,-143.1930
62.4218,44.2647,-143.2225
62.4218,43.8623,-143.2509
62.4218,43.4760,-143.2782
62.4218,43.1062,-143.3043
62.4218,42.7533,-143.3292
62.4218,42.4175,-143.3529
62.4218,42.0992,-143.3754
62.4218,41.7985,-143.3966
62.4218,41.5156,-143.4165
62.4218,41.2506,-143.4353
62.4218,41.0035,-143.4527
62.4218,40.7743,-143.4689
62.4218,40.5628,-143.4838
62.4218,40.3688,-143.4975
62.4218,40.1922,-143.5099
62.4218,40.0326,-143.5212
62.4218,39.8896,-143.5313
62.4218,39.7627,-143.5403
62.4218,39.6514,-143.5481
62.4218,39.5550,-143.5549
62.4218,39.4728,-143.5607
62.4218,39.4040,-143.5656
62.4218,39.3477,-143.5696
62.4218,39.3028,-143.5727
62.4218,39.2684,-143.5751
62.4218,39.2432,-143.5769
62.4218,39.2260,-143.5781
62.4218,39.2153,-143.5789
62.4218,39.2097,-143.5793
62.4218,39.2076,-143.5794
62.4218,39.2073,-143.5795
62.4218,39.2076,-143.5794
62.4218,39.2097,-143.5793
62.4218,39.2153,-143.5789
62.4218,39.2260,-143.5781
62.4218,39.2432,-143.5769
62.4218,39.2684,-143.5751
62.4218,39.3028,-143.5727
62.4218,39.3477,-143.5696
62.4218,39.4040,-143.5656
62.4218,39.4728,-143.5607
62.4218,39.5550,-143.5549
62.4218,39.6514,-143.5481
62.4218,39.7627,-143.5403
62.4218,39.8896,-143.5313
62.4218,40.0326,-143.5212
62.4218,40.1922,-143.5099
62.4218,40.3688,-143.4975
62.4218,40.5628,-143.4838
62.4218,40.7743,-143.4689
62.4218,41.0035,-143.4527
62.4218,41.2506,-143.4353
62.4218,41.5156,-143.4165
62.4218,41.7985,-143.3966
62.4218,42.0992,-143.3754
62.4218,42.4175,-143.3529
62.4218,42.7533,-143.3292
62.4218,43.1062,-143.3043
62.4218,43.4760,-143.2782
62.4218,43.8623,-143.2509
62.4218,44.2647,-143.2225
62.4218,44.6827,-143.1930
62.4218,45.1159,-143.1625
62.4218,45.5636,-143.1309
62.4218,46.0253,-143.0983
62.4218,46.5003,-143.0648
62.4218,46.9881,-143.0303
62.4218,47.4878,-142.9951
62.4218,47.9988,-142.9590
62.4218,48.5204,-142.9222
62.4218,49.0517,-142.8847
62.4218,49.5919,-142.8466
62.4218,50.1402,-142.8079
62.4218,50.6957,-142.7687
62.4218,51.2577,-142.7290
62.4218,51.8251,-142.6890
62.4218,52.3972,-142.6486
62.4218,52.9729,-142.6079
62.4218,53.5514,-142.5671
62.4218,54.1318,-142.5262
62.4218,54.7131,-142.4851
62.4218,55.2945,-142.4441
62.4218,55.8748,-142.4031
62.4218,56.4534,-142.3623
62.4218,57.0291,-142.3217
62.4218,57.6012,-142.2813
62.4218,58.1686,-142.2413
62.4218,58.7305,-142.2016
62.4218,59.2861,-142.1624
62.4218,59.8344,-142.1237
62.4218,60.3746,-142.0856
62.4218,60.9059,-142.0481
62.4218,61.4274,-142.0113
62.4218,61.9385,-141.9752
62.4218,62.4382,-141.9399
62.4218,62.9260,-141.9055
62.4218,63.4010,-141.8720
62.4218,63.8627,-141.8394
62.4218,64.3104,-141.8078
62.4218,64.7436,-141.7772
62.4218,65.1616,-141.7477
62.4218,65.5640,-141.7193
62.4218,65.9503,-141.6921
62.4218,66.3201,-141.6660
62.4218,66.6730,-141.6411
62.4218,67.0088,-141.6174
62.4218,67.3271,-141.5949
62.4218,67.6278,-141.5737
62.4218,67.9106,-141.5537
62.4218,68.1757,-141.5350
62.4218,68.4228,-141.5176
62.4218,68.6520,-141.5014
62.4218,68.8635,-141.4865
62.4218,69.0575,-141.4728
62.4218,69.2341,-141.4603
62.4218,69.3937,-141.4491
62.4218,69.5367,-141.4390
62.4218,69.6636,-141.4300
62.4218,69.7749,-141.4221
62.4218,69.8713,-141.4153
62.4218,69.9535,-141.4095
62.4218,70.0223,-141.4047
62.4218,70.0786,-141.4007
62.4218,70.1234,-141.3975
62.4218,70.1579,-141.3951
62.4218,70.1830,-141.3933
62.4218,70.2003,-141.3921
62.4218,70.2110,-141.3914
62.4218,70.2166,-141.3910
62.4218,70.2187,-141.3908
62.4218,70.2190,-141.3908
62.4213,70.2194,-141.3905
62.4177,70.2222,-141.3888
62.4081,70.2299,-141.3840
62.3897,70.2445,-141.3749
62.3600,70.2681,-141.3602
62.3166,70.3025,-141.3388
62.2574,70.3495,-141.3094
62.1802,70.4108,-141.2712
62.0832,70.4878,-141.2233
61.9647,70.5819,-141.1646
61.8231,70.6942,-141.0946
61.6571,70.8260,-141.0125
61.4654,70.9782,-140.9176
61.2469,71.1516,-140.8095
61.0006,71.3472,-140.6877
60.7257,71.5654,-140.5517
60.4216,71.8068,-140.4012
60.0876,72.0719,-140.2360
59.7234,72.3610,-140.0558
59.3286,72.6744,-139.8605
58.9030,73.0123,-139.6500
58.4466,73.3745,-139.4242
57.9595,73.7613,-139.1832
57.4417,74.1723,-138.9270
56.8935,74.6074,-138.6558
56.3153,75.0664,-138.3698
55.7075,75.5489,-138.0691
55.0706,76.0545,-137.7540
54.4054,76.5826,-137.4249
53.7124,77.1326,-137.0821
52.9925,77.7041,-136.7260
52.2466,78.2962,-136.3569
51.4756,78.9083,-135.9755
50.6805,79.5394,-135.5822
49.8624,80.1888,-135.1774
49.0224,80.8556,-134.7619
48.1618,81.5388,-134.3361
47.2817,82.2374,-133.9007
46.3836,82.9504,-133.4564
45.4686,83.6767,-133.0038
44.5383,84.4151,-132.5435
43.5941,85.1647,-132.0764
42.6373,85.9242,-131.6031
41.6696,86.6924,-131.1243
40.6924,87.4681,-130.6409
39.7072,88.2501,-130.1535
38.7157,89.0372,-129.6630
37.7194,89.8281,-129.1701
36.7199,90.6215,-128.6756
35.7188,91.4162,-128.1804
34.7178,92.2109,-127.6851
33.7183,93.0043,-127.1907
32.7220,93.7952,-126.6978
31.7305,94.5822,-126.2073
30.7453,95.3642,-125.7199
29.7681,96.1400,-125.2365
28.8004,96.9082,-124.7577
27.8436,97.6677,-124.2844
26.8994,98.4172,-123.8172
25.9691,99.1557,-123.3570
25.0541,99.8820,-122.9044
24.1560,100.5950,-122.4600
23.2759,101.2936,-122.0247
22.4153,101.9768,-121.5989
21.5753,102.6435,-121.1833
20.7572,103.2929,-120.7786
19.9621,103.9241,-120.3853
19.1911,104.5361,-120.0038
18.4452,105.1283,-119.6348
17.7253,105.6997,-119.2787
17.0323,106.2498,-118.9359
16.3671,106.7779,-118.6067
15.7302,107.2834,-118.2917
15.1224,107.7659,-117.9910
14.5442,108.2249,-117.7049
13.9960,108.6601,-117.4337
13.4782,109.0711,-117.1776
12.9911,109.4578,-116.9366
12.5347,109.8201,-116.7108
12.1091,110.1579,-116.5003
11.7143,110.4713,-116.3050
11.3501,110.7605,-116.1248
11.0161,111.0256,-115.9595
10.7120,111.2670,-115.8091
10.4371,111.4852,-115.6731
10.1908,111.6807,-115.5512
9.9723,111.8542,-115.4431
9.7806,112.0064,-115.3483
9.6146,112.1381,-115.2662
9.4730,112.2505,-115.1961
9.3545,112.3446,-115.1375
9.2575,112.4216,-115.0895
9.1803,112.4828,-115.0513
9.1211,112.5299,-115.0220
9.0777,112.5643,-115.0006
9.0480,112.5879,-114.9859
9.0296,112.6025,-114.9768
9.0200,112.6101,-114.9720
9.0164,112.6130,-114.9702
9.0159,112.6134,-114.9700
9.0159,112.6134,-114.9700
9.0159,112.6134,-114.9700
9.0159,112.6134,-114.9700
9.0159,112.6134,-114.9700
9.0159,112.6134,-114.9700
9.0159,112.6134,-114.9700
9.0159,112.6134,-114.9700
9.0159,112.6134,-114.9700
9.0159,112.6134,-114.9700
9.0159,112.6134,-114.9700
9.0159,112.6134,-114.9700
9.0159,112.6134,-114.9700
9.0159,112.6134,-114.9700
9.0159,112.6134,-114.9700
9.0159,112.6134,-114.9700
9.0159,112.6134,-114.9700
9.0159,112.6134,-114.9700
9.0159,112.6134,-114.9700
9.0159,112.6134,-114.9700
9.0159,112.6134,-114.9700
9.0159,112.6134,-114.9700
9.0159,112.6134,-114.9700
9.0159,112.6134,-114.9700
9.0159,112.6134,-114.9700
9.0159,112.6134,-114.9700
9.0159,112.6134,-114.9700
9.0159,112.6134,-114.9700
9.0159,112.6134,-114.9700
9.0159,112.6134,-114.9700
9.0159,112.6134,-114.9700
9.0159,112.6134,-114.9700
9.0159,112.6134,-114.9700
9.0159,112.6134,-114.9700
9.0159,112.6134,-114.9700
9.0159,112.6134,-114.9700
9.0159,112.6134,-114.9700
9.0159,112.6134,-114.9700
9.0159,112.6134,-114.9700
9.0159,112.6134,-114.9700
9.0159,112.6134,-114.9700
9.0159,112.6134,-114.9700
9.0159,112.6134,-114.9700
9.0159,112.6134,-114.9700
9.0159,112.6134,-114.9700
9.0159,112.6134,-114.9700
9.0159,112.6134,-114.9700
9.0159,112.6134,-114.9700
9.0159,112.6134,-114.9700
9.0159,112.6134,-114.9700
9.0159,112.6134,-114.9700
9.0159,112.6134,-114.9700
9.0159,112.6134,-114.9700
9.0159,112.6134,-114.9700
9.0159,112.6134,-114.9700
9.0159,112.6134,-114.9700
9.0159,112.6134,-114.9700
9.0159,112.6134,-114.9700
9.0159,112.6134,-114.9700
9.0159,112.6134,-114.9700
9.0159,112.6134,-114.9700
9.0159,112.6134,-114.9700
9.0159,112.6134,-114.9700
9.0159,112.6134,-114.9700
9.0159,112.6134,-114.9700
9.0159,112.6134,-114.9700
9.0159,112.6134,-114.9700
9.0159,112.6134,-114.9700
9.0159,112.6134,-114.9700
9.0159,112.6134,-114.9700
9.0159,112.6134,-114.9700
9.0159,112.6134,-114.9700
9.0159,112.6134,-114.9700
9.0159,112.6134,-114.9700
9.0159,112.6134,-114.9700
9.0159,112.6134,-114.9700
9.0159,112.6134,-114.9700
9.0159,112.6134,-114.9700
9.0159,112.6134,-114.9700
9.0159,112.6134,-114.9700
9.0159,112.6134,-114.9700
9.0159,112.6134,-114.9700
9.0159,112.6134,-114.9700
9.0159,112.6134,-114.9700
9.0159,112.6134,-114.9700
9.0159,112.6134,-114.9700
9.0159,112.6134,-114.9700
9.0159,112.6134,-114.9700
9.0159,112.6134,-114.9700
9.0159,112.6134,-114.9700
9.0159,112.6134,-114.9700
9.0159,112.6134,-114.9700
9.0159,112.6134,-114.9700
9.0159,112.6134,-114.9700
9.0159,112.6134,-114.9700
9.0159,112.6134,-114.9700
9.0159,112.6134,-114.9700
9.0159,112.6134,-114.9700
9.0159,112.6134,-114.9700
9.0159,112.6134,-114.9700
9.0159,112.6134,-114.9700
